%YAML:1.0

#common parameters
#support: 1 imu 1 cam; 1 imu 2 cam: 2 cam; 
imu: 0         
num_of_cam: 2  

imu_topic: "/mynteye/imu/data_raw"
image0_topic: "/mynteye/left/image_raw"
image1_topic: "/mynteye/right/image_raw"
output_path: "/home/tong/output/"

cam0_calib: "left_mei.yaml"
cam1_calib: "right_mei.yaml"
image_width: 848
image_height: 800
   

# Extrinsic parameter between IMU and Camera.
estimate_extrinsic: 0   # 0  Have an accurate extrinsic parameters. We will trust the following imu^R_cam, imu^T_cam, don't change it.
                        # 1  Have an initial guess about extrinsic parameters. We will optimize around your initial guess.

body_T_cam0: !!opencv-matrix
   rows: 4
   cols: 4
   dt: d
   data: [-0.9999306582373404, 0.001093290620038494, 0.01172533294445286, 0.5201790241280906,
                -0.0011878229478030982, -0.9999668259020238, -0.008058298336212454, 0.04796159845159734,
                0.011716133905124508, -0.008071667179143842, 0.9998987850754022, -0.05434762530417168,
                0., 0., 0., 1.]

body_T_cam1: !!opencv-matrix
   rows: 4
   cols: 4
   dt: d
   data: [ -0.9999985320918137, 0.0011840662046389947, -0.0012384673758261621, -0.10570692194161202,
                -0.001173065649638605, -0.999960187777609, -0.008845720815767944, 0.048863128512499784,
                -0.0012488919887611945, -0.008844255027525165, 0.9999601089152549, -0.04892047362600982,
                0., 0., 0., 1.  ]

#Multiple thread support
multiple_thread: 1

#feature traker paprameters
max_cnt: 150            # max feature number in feature tracking
min_dist: 30            # min distance between two features 
freq: 10                # frequence (Hz) of publish tracking result. At least 10Hz for good estimation. If set 0, the frequence will be same as raw image 
F_threshold: 1.0        # ransac threshold (pixel)
show_track: 1           # publish tracking image as topic
flow_back: 1            # perform forward and backward optical flow to improve feature tracking accuracy

#optimization parameters
max_solver_time: 0.04  # max solver itration time (ms), to guarantee real time
max_num_iterations: 8   # max solver itrations, to guarantee real time
keyframe_parallax: 10.0 # keyframe selection threshold (pixel)
